PATH 1
POINT 0.000 62.000 0.000 12.000 12.409
POINT 40.000 56.000 5.301 12.000 12.163
POINT 26.000 32.000 3.731 10.315 12.000
POINT 20.000 0.000 4.712 11.981 12.000
POINT 26.000 -32.000 5.694 12.317 12.000
POINT 40.000 -56.000 3.927 12.000 12.763
POINT 0.000 -62.000 3.142 12.000 13.758
POINT -40.000 -56.000 1.963 12.000 10.453
POINT -26.000 -32.000 0.589 12.000 10.396
POINT -20.000 0.000 1.571 12.000 9.048
POINT -26.000 32.000 2.553 12.138 12.753
POINT -40.000 56.000 0.589 12.000 11.889
POINT 0.000 62.000 0.000 11.316 12.000
ENDPATH
