OCCUPANCY 1
111111111111111111111111111111111111111111111111
111111111111111111111111111111111111111111111111
111111111111111111111111111111111111111111111111
111111110000000011111111111111110000000011111111
111111100000001111111111111111111100000001111111
111111000000011111111111111111111110000000111111
111110000000111111111111111111111111000000011111
111100000000111111111111111111111111000000001111
111000000000111111110000000011111111000000000111
111000000000111111110000000011111111000000000111
111000000000011111100000000001111110000000000111
111000011000001111000000000000111100000110000111
111001111110000000000000000000000000011111100111
111011111111000000000000000000000000111111110111
111011111111000000000000000000000000111111110111
111011111111000000000000000000000000111111110111
111011111111000000000000000000000000111111110111
111011111111000000000000000000000000111111110111
111011111111000000000000000000000000111111110111
111011111111000000000000000000000000111111110111
111011111111000000000000000000000000111111110111
111011111111111111111111111111111111111111110111
111011111111111111111111111111111111111111110111
111011111111111111111111111111111111111111110111
111011111111111111111111111111111111111111110111
111011111111111111111111111111111111111111110111
111011111111111111111111111111111111111111110111
111011111111000000000000000000000000111111110111
111011111111000000000000000000000000111111110111
111011111111000000000000000000000000111111110111
111011111111000000000000000000000000111111110111
111011111111000000000000000000000000111111110111
111011111111000000000000000000000000111111110111
111011111111000000000000000000000000111111110111
111011111111000000000000000000000000111111110111
111001111110000000000000000000000000011111100111
111000011000001111000000000000111100000110000111
111000000000011111100000000001111110000000000111
111000000000111111110000000011111111000000000111
111000000000111111110000000011111111000000000111
111100000000111111111111111111111111000000001111
111110000000111111111111111111111111000000011111
111111000000011111111111111111111110000000111111
111111100000001111111111111111111100000001111111
111111110000000011111111111111110000000011111111
111111111111111111111111111111111111111111111111
111111111111111111111111111111111111111111111111
111111111111111111111111111111111111111111111111
ENDOCCUPANCY
