PATH 1
POINT -16.000 60.000 0.000 12.000 33.293
POINT 16.000 60.000 0.000 14.247 14.737
POINT 32.000 40.000 4.712 11.555 12.000
POINT 10.000 0.000 -1.571 12.000 12.000
EVENT sickDrift 2
POINT 32.000 -56.000 4.712 32.078 12.000
POINT 0.000 -60.000 3.142 11.715 12.000
POINT -32.000 -56.000 1.571 6.984 12.465
POINT -58.000 -32.000 1.767 12.036 5.637
REVERSE
POINT -10.000 -36.000 0.000 11.756 24.178
REVERSE
POINT -32.000 40.000 1.571 12.000 11.929
POINT -16.000 60.000 0.000 8.206 12.000
EVENT pause 2000
EVENT intake 
ENDPATH
